


=================== Matriz Resultante ===================

         1         0         0         0         0 | -0.5922767615
         0         1         0         0         0 | 1.3857640766
         0         0         1         0         0 | 0.1388265058
         0         0         0         1         0 | -1.0103882856
         0         0         0         0         1 | 0.7196721259



=================== Matriz Pruebas A[1] ===================

   0.04716   0.04716   0.04716   0.04716   0.04716
   0.07538   0.07538   0.07538   0.07538   0.07538
  -0.02606  -0.02606  -0.02606  -0.02606  -0.02606
  -0.00164  -0.00164  -0.00164  -0.00164  -0.00164
  -0.04299  -0.04299  -0.04299  -0.04299  -0.04299



=================== Matriz Inversa =================

  -0.00999  -0.00720   0.01248   0.02812   0.02375 | 0.0471565563
  -0.00550   0.00301   0.00302   0.04112   0.03373 | 0.0753786629
   0.01660  -0.00051   0.00549  -0.02198  -0.02565 | -0.0260559351
   0.01177  -0.01352   0.00436  -0.00462   0.00037 | -0.0016372734
   0.00375  -0.00156  -0.01250  -0.01074  -0.02193 | -0.0429887041



=================== Matriz Completa ==================

         1         0         0         0         0 |   -0.00999  -0.00720   0.01248   0.02812   0.02375 | -0.5922767615 | 0.0471565563
         0         1         0         0         0 |   -0.00550   0.00301   0.00302   0.04112   0.03373 | 1.3857640766 | 0.0753786629
         0         0         1         0         0 |    0.01660  -0.00051   0.00549  -0.02198  -0.02565 | 0.1388265058 | -0.0260559351
         0         0         0         1         0 |    0.01177  -0.01352   0.00436  -0.00462   0.00037 | -1.0103882856 | -0.0016372734
         0         0         0         0         1 |    0.00375  -0.00156  -0.01250  -0.01074  -0.02193 | 0.7196721259 | -0.0429887041



=====================================================

